{
    "camera_angle_x": 0.691111147403717,
    "camera_angle_y": 0.4710899591445923,
    "fl_x": 2666.6666666666665,
    "fl_y": 2666.6666666666665,
    "k1": 0.0,
    "k2": 0.0,
    "p1": 0.0,
    "p2": 0.0,
    "cx": 960.0,
    "cy": 540.0,
    "w": 1920.0,
    "h": 1080.0,
    "aabb_scale": 1,
    "frames": [
        {
            "file_path": "train/Camera.021.png0001.png",
            "transform_matrix": [
                [
                    -0.2727447748184204,
                    0.9108551740646362,
                    -0.30976295471191406,
                    -0.04518282413482666
                ],
                [
                    -0.9620864391326904,
                    -0.2582210600376129,
                    0.08781562745571136,
                    0.6545554995536804
                ],
                [
                    0.0,
                    0.32197004556655884,
                    0.9467498660087585,
                    2.1662797927856445
                ],
                [
                    0.0,
                    0.0,
                    0.0,
                    1.0
                ]
            ]
        },
        {
            "file_path": "train/Camera.021.png0002.png",
            "transform_matrix": [
                [
                    0.9971421957015991,
                    -0.07264991849660873,
                    -0.020725751295685768,
                    0.46352267265319824
                ],
                [
                    -0.0755484476685524,
                    -0.9588853120803833,
                    -0.27355319261550903,
                    0.018546342849731445
                ],
                [
                    -1.862645593320167e-09,
                    0.2743370532989502,
                    -0.9616334438323975,
                    -1.1924750804901123
                ],
                [
                    0.0,
                    0.0,
                    0.0,
                    1.0
                ]
            ]
        },
        {
            "file_path": "train/Camera.021.png0003.png",
            "transform_matrix": [
                [
                    -0.9961601495742798,
                    -0.06979194283485413,
                    0.05285942927002907,
                    0.5930325984954834
                ],
                [
                    0.08755018562078476,
                    -0.7941039800643921,
                    0.6014431118965149,
                    1.558539867401123
                ],
                [
                    0.0,
                    0.6037613749504089,
                    0.797165036201477,
                    1.9030104875564575
                ],
                [
                    0.0,
                    0.0,
                    0.0,
                    1.0
                ]
            ]
        },
        {
            "file_path": "train/Camera.021.png0004.png",
            "transform_matrix": [
                [
                    -0.6977230906486511,
                    0.036950938403606415,
                    0.7154139280319214,
                    1.7591285705566406
                ],
                [
                    0.7163675427436829,
                    0.03598923981189728,
                    0.6967942714691162,
                    1.7263579368591309
                ],
                [
                    -1.862645149230957e-09,
                    0.9986687898635864,
                    -0.05158098042011261,
                    0.4092174768447876
                ],
                [
                    0.0,
                    0.0,
                    0.0,
                    1.0
                ]
            ]
        },
        {
            "file_path": "train/Camera.021.png0005.png",
            "transform_matrix": [
                [
                    -0.963151216506958,
                    0.11749710142612457,
                    -0.24193859100341797,
                    0.07418811321258545
                ],
                [
                    -0.2689606845378876,
                    -0.4207584261894226,
                    0.866384744644165,
                    2.024837017059326
                ],
                [
                    0.0,
                    0.8995314240455627,
                    0.4368560314178467,
                    1.2688665390014648
                ],
                [
                    0.0,
                    0.0,
                    0.0,
                    1.0
                ]
            ]
        },
        {
            "file_path": "train/Camera.021.png0006.png",
            "transform_matrix": [
                [
                    -0.8943120837211609,
                    0.2610657215118408,
                    -0.36338767409324646,
                    -0.13956230878829956
                ],
                [
                    -0.44744372367858887,
                    -0.5217956900596619,
                    0.7263080477714539,
                    1.7783021926879883
                ],
                [
                    1.4901161193847656e-08,
                    0.8121415972709656,
                    0.5834603905677795,
                    1.5268902778625488
                ],
                [
                    0.0,
                    0.0,
                    0.0,
                    1.0
                ]
            ]
        },
        {
            "file_path": "train/Camera.021.png0007.png",
            "transform_matrix": [
                [
                    0.9893082976341248,
                    0.14176590740680695,
                    -0.0342281311750412,
                    0.4397584795951843
                ],
                [
                    -0.14583942294120789,
                    0.9616754651069641,
                    -0.23218806087970734,
                    0.09134897589683533
                ],
                [
                    0.0,
                    0.2346973717212677,
                    0.9720684885978699,
                    2.2108407020568848
                ],
                [
                    0.0,
                    0.0,
                    0.0,
                    1.0
                ]
            ]
        },
        {
            "file_path": "train/Camera.021.png0008.png",
            "transform_matrix": [
                [
                    -0.23034442961215973,
                    -0.6807552576065063,
                    -0.6953514218330383,
                    -0.7238186597824097
                ],
                [
                    -0.973109245300293,
                    0.16114139556884766,
                    0.16459645330905914,
                    0.7896897792816162
                ],
                [
                    0.0,
                    0.7145668268203735,
                    -0.6995671987533569,
                    -0.7312383651733398
                ],
                [
                    0.0,
                    0.0,
                    0.0,
                    1.0
                ]
            ]
        },
        {
            "file_path": "train/Camera.021.png0009.png",
            "transform_matrix": [
                [
                    0.433736652135849,
                    -0.8125873804092407,
                    -0.3893255591392517,
                    -0.18521296977996826
                ],
                [
                    -0.901039719581604,
                    -0.3911580443382263,
                    -0.18741102516651154,
                    0.1701565980911255
                ],
                [
                    1.4901161193847656e-08,
                    0.43208470940589905,
                    -0.9018329381942749,
                    -1.0872260332107544
                ],
                [
                    0.0,
                    0.0,
                    0.0,
                    1.0
                ]
            ]
        },
        {
            "file_path": "train/Camera.021.png0010.png",
            "transform_matrix": [
                [
                    0.29476356506347656,
                    0.8889688849449158,
                    0.3504978120326996,
                    1.116876244544983
                ],
                [
                    0.9555702805519104,
                    -0.2742191255092621,
                    -0.10811763256788254,
                    0.3097129464149475
                ],
                [
                    -7.450581485102248e-09,
                    0.3667944669723511,
                    -0.9303019642829895,
                    -1.1373316049575806
                ],
                [
                    0.0,
                    0.0,
                    0.0,
                    1.0
                ]
            ]
        },
        {
            "file_path": "train/Camera.021.png0011.png",
            "transform_matrix": [
                [
                    0.15909820795059204,
                    0.5421723127365112,
                    0.8250678181648254,
                    1.9521193504333496
                ],
                [
                    0.9872628450393677,
                    -0.08737151324748993,
                    -0.13296034932136536,
                    0.2659897804260254
                ],
                [
                    0.0,
                    0.8357124924659729,
                    -0.5491672158241272,
                    -0.4665343165397644
                ],
                [
                    0.0,
                    0.0,
                    0.0,
                    1.0
                ]
            ]
        },
        {
            "file_path": "train/Camera.021.png0012.png",
            "transform_matrix": [
                [
                    0.9983986020088196,
                    0.02238318882882595,
                    0.05195539817214012,
                    0.5914415121078491
                ],
                [
                    0.05657182261347771,
                    -0.3950260579586029,
                    -0.9169263243675232,
                    -1.113790512084961
                ],
                [
                    1.862645371275562e-09,
                    0.9183971881866455,
                    -0.3956596553325653,
                    -0.19636106491088867
                ],
                [
                    0.0,
                    0.0,
                    0.0,
                    1.0
                ]
            ]
        },
        {
            "file_path": "train/Camera.021.png0013.png",
            "transform_matrix": [
                [
                    0.6219446063041687,
                    -0.22984939813613892,
                    -0.7485681772232056,
                    -0.8174798488616943
                ],
                [
                    -0.7830613255500793,
                    -0.18255731463432312,
                    -0.5945484638214111,
                    -0.5464051961898804
                ],
                [
                    1.4901161193847656e-08,
                    0.955950915813446,
                    -0.29352667927742004,
                    -0.016606926918029785
                ],
                [
                    0.0,
                    0.0,
                    0.0,
                    1.0
                ]
            ]
        },
        {
            "file_path": "train/Camera.021.png0014.png",
            "transform_matrix": [
                [
                    0.21665818989276886,
                    -0.9736312031745911,
                    0.07142535597085953,
                    0.6257086396217346
                ],
                [
                    0.9762475490570068,
                    0.2160775512456894,
                    -0.015851397067308426,
                    0.4721015393733978
                ],
                [
                    -9.313225746154785e-10,
                    0.07316243648529053,
                    0.9973199963569641,
                    2.2552833557128906
                ],
                [
                    0.0,
                    0.0,
                    0.0,
                    1.0
                ]
            ]
        },
        {
            "file_path": "train/Camera.021.png0015.png",
            "transform_matrix": [
                [
                    -0.7643793225288391,
                    -0.6399238109588623,
                    -0.07887845486402512,
                    0.36117392778396606
                ],
                [
                    -0.6447668671607971,
                    0.7586377859115601,
                    0.09351140260696411,
                    0.6645800471305847
                ],
                [
                    3.725290298461914e-09,
                    0.12233637273311615,
                    -0.9924887418746948,
                    -1.2467800378799438
                ],
                [
                    0.0,
                    0.0,
                    0.0,
                    1.0
                ]
            ]
        },
        {
            "file_path": "train/Camera.021.png0016.png",
            "transform_matrix": [
                [
                    -0.13769017159938812,
                    -0.3453926146030426,
                    0.9283023476600647,
                    2.133812189102173
                ],
                [
                    0.9904753565788269,
                    -0.04801449179649353,
                    0.1290472447872162,
                    0.7271231412887573
                ],
                [
                    0.0,
                    0.9372291564941406,
                    0.3487139940261841,
                    1.113736629486084
                ],
                [
                    0.0,
                    0.0,
                    0.0,
                    1.0
                ]
            ]
        },
        {
            "file_path": "train/Camera.021.png0017.png",
            "transform_matrix": [
                [
                    0.9081823229789734,
                    -0.22109799087047577,
                    -0.35541611909866333,
                    -0.12553244829177856
                ],
                [
                    -0.4185749292373657,
                    -0.4797164499759674,
                    -0.7711465954780579,
                    -0.8572181463241577
                ],
                [
                    1.4901162970204496e-08,
                    0.849109947681427,
                    -0.5282160639762878,
                    -0.4296603798866272
                ],
                [
                    0.0,
                    0.0,
                    0.0,
                    1.0
                ]
            ]
        },
        {
            "file_path": "train/Camera.021.png0018.png",
            "transform_matrix": [
                [
                    -0.8969908356666565,
                    -0.09618975967168808,
                    0.43145692348480225,
                    1.259364128112793
                ],
                [
                    0.4420492649078369,
                    -0.19518490135669708,
                    0.8754972219467163,
                    2.04087495803833
                ],
                [
                    7.450580596923828e-09,
                    0.9760380983352661,
                    0.21759967505931854,
                    0.8829753994941711
                ],
                [
                    0.0,
                    0.0,
                    0.0,
                    1.0
                ]
            ]
        },
        {
            "file_path": "train/Camera.021.png0019.png",
            "transform_matrix": [
                [
                    -0.5587546229362488,
                    -0.32335996627807617,
                    -0.763696014881134,
                    -0.8441050052642822
                ],
                [
                    -0.8293330669403076,
                    0.21786046028137207,
                    0.5145323276519775,
                    1.4055769443511963
                ],
                [
                    1.4901161193847656e-08,
                    0.920855700969696,
                    -0.38990363478660583,
                    -0.18623042106628418
                ],
                [
                    0.0,
                    0.0,
                    0.0,
                    1.0
                ]
            ]
        },
        {
            "file_path": "train/Camera.021.png0020.png",
            "transform_matrix": [
                [
                    0.8605803847312927,
                    -0.18818451464176178,
                    -0.47327369451522827,
                    -0.3329616189002991
                ],
                [
                    -0.5093145966529846,
                    -0.31797224283218384,
                    -0.7996826767921448,
                    -0.9074413776397705
                ],
                [
                    0.0,
                    0.9292364120483398,
                    -0.3694857954978943,
                    -0.1502949595451355
                ],
                [
                    0.0,
                    0.0,
                    0.0,
                    1.0
                ]
            ]
        }
    ]
}