{
    "camera_angle_x": 0.691111147403717,
    "camera_angle_y": 0.4710899591445923,
    "fl_x": 2666.6666666666665,
    "fl_y": 2666.6666666666665,
    "k1": 0.0,
    "k2": 0.0,
    "p1": 0.0,
    "p2": 0.0,
    "cx": 960.0,
    "cy": 540.0,
    "w": 1920.0,
    "h": 1080.0,
    "aabb_scale": 1,
    "frames": [
        {
            "file_path": "train/Camera.021.png0001.png",
            "transform_matrix": [
                [
                    -0.2727447748184204,
                    0.9108551740646362,
                    -0.30976295471191406,
                    -0.04518282413482666
                ],
                [
                    -0.9620864391326904,
                    -0.2582210600376129,
                    0.08781562745571136,
                    0.6545554995536804
                ],
                [
                    0.0,
                    0.32197004556655884,
                    0.9467498660087585,
                    2.1662797927856445
                ],
                [
                    0.0,
                    0.0,
                    0.0,
                    1.0
                ]
            ]
        },
        {
            "file_path": "train/Camera.021.png0002.png",
            "transform_matrix": [
                [
                    0.9971421957015991,
                    0.07264991849660873,
                    -0.020725751295685768,
                    0.46352267265319824
                ],
                [
                    -0.0755484476685524,
                    0.9588853120803833,
                    -0.27355319261550903,
                    0.018546342849731445
                ],
                [
                    1.862645593320167e-09,
                    0.2743370532989502,
                    0.9616334438323975,
                    2.1924750804901123
                ],
                [
                    0.0,
                    0.0,
                    0.0,
                    1.0
                ]
            ]
        },
        {
            "file_path": "train/Camera.021.png0003.png",
            "transform_matrix": [
                [
                    -0.9961601495742798,
                    -0.06979194283485413,
                    0.05285942927002907,
                    0.5930325984954834
                ],
                [
                    0.08755018562078476,
                    -0.7941039800643921,
                    0.6014431118965149,
                    1.558539867401123
                ],
                [
                    0.0,
                    0.6037613749504089,
                    0.797165036201477,
                    1.9030104875564575
                ],
                [
                    0.0,
                    0.0,
                    0.0,
                    1.0
                ]
            ]
        },
        {
            "file_path": "train/Camera.021.png0004.png",
            "transform_matrix": [
                [
                    -0.6977230906486511,
                    -0.036950938403606415,
                    0.7154139280319214,
                    1.7591285705566406
                ],
                [
                    0.7163675427436829,
                    -0.03598923981189728,
                    0.6967942714691162,
                    1.7263579368591309
                ],
                [
                    1.862645149230957e-09,
                    0.9986687898635864,
                    0.05158098042011261,
                    0.5907825231552124
                ],
                [
                    0.0,
                    0.0,
                    0.0,
                    1.0
                ]
            ]
        },
        {
            "file_path": "train/Camera.021.png0005.png",
            "transform_matrix": [
                [
                    -0.963151216506958,
                    0.11749710142612457,
                    -0.24193859100341797,
                    0.07418811321258545
                ],
                [
                    -0.2689606845378876,
                    -0.4207584261894226,
                    0.866384744644165,
                    2.024837017059326
                ],
                [
                    0.0,
                    0.8995314240455627,
                    0.4368560314178467,
                    1.2688665390014648
                ],
                [
                    0.0,
                    0.0,
                    0.0,
                    1.0
                ]
            ]
        }
    ]
}