{
    "camera_angle_x": 0.691111147403717,
    "camera_angle_y": 0.4710899591445923,
    "fl_x": 2666.6666666666665,
    "fl_y": 2666.6666666666665,
    "k1": 0.0,
    "k2": 0.0,
    "p1": 0.0,
    "p2": 0.0,
    "cx": 960.0,
    "cy": 540.0,
    "w": 1920.0,
    "h": 1080.0,
    "aabb_scale": 1,
    "frames": [
        {
            "file_path": "train/Camera.021.png0001.png",
            "transform_matrix": [
                [
                    -0.2727447748184204,
                    0.910855233669281,
                    -0.30976298451423645,
                    0.19023701548576355
                ],
                [
                    -0.9620864391326904,
                    -0.2582210898399353,
                    0.08781564235687256,
                    0.5878156423568726
                ],
                [
                    7.4505797087454084e-09,
                    0.32197004556655884,
                    0.9467499256134033,
                    1.4467499256134033
                ],
                [
                    0.0,
                    0.0,
                    0.0,
                    1.0
                ]
            ]
        },
        {
            "file_path": "train/Camera.021.png0002.png",
            "transform_matrix": [
                [
                    0.9971421360969543,
                    0.07264994829893112,
                    -0.020725756883621216,
                    0.4792742431163788
                ],
                [
                    -0.07554846256971359,
                    0.9588854312896729,
                    -0.2735532224178314,
                    0.22644677758216858
                ],
                [
                    -1.8626449271863521e-09,
                    0.27433711290359497,
                    0.961633563041687,
                    1.461633563041687
                ],
                [
                    0.0,
                    0.0,
                    0.0,
                    1.0
                ]
            ]
        },
        {
            "file_path": "train/Camera.021.png0003.png",
            "transform_matrix": [
                [
                    -0.9961601495742798,
                    -0.06979195028543472,
                    0.05285942554473877,
                    0.5528594255447388
                ],
                [
                    0.08755020052194595,
                    -0.7941039800643921,
                    0.6014430522918701,
                    1.1014430522918701
                ],
                [
                    0.0,
                    0.6037614941596985,
                    0.797165036201477,
                    1.297165036201477
                ],
                [
                    0.0,
                    0.0,
                    0.0,
                    1.0
                ]
            ]
        },
        {
            "file_path": "train/Camera.021.png0004.png",
            "transform_matrix": [
                [
                    -0.6977230906486511,
                    -0.03695092722773552,
                    0.7154140472412109,
                    1.215414047241211
                ],
                [
                    0.7163676619529724,
                    -0.035989224910736084,
                    0.6967942714691162,
                    1.1967942714691162
                ],
                [
                    1.862645149230957e-09,
                    0.9986687898635864,
                    0.051580965518951416,
                    0.5515809655189514
                ],
                [
                    0.0,
                    0.0,
                    0.0,
                    1.0
                ]
            ]
        },
        {
            "file_path": "train/Camera.021.png0005.png",
            "transform_matrix": [
                [
                    -0.963151216506958,
                    0.11749710142612457,
                    -0.24193859100341797,
                    0.25806140899658203
                ],
                [
                    -0.2689606845378876,
                    -0.4207584261894226,
                    0.866384744644165,
                    1.366384744644165
                ],
                [
                    0.0,
                    0.8995314240455627,
                    0.4368560314178467,
                    0.9368560314178467
                ],
                [
                    0.0,
                    0.0,
                    0.0,
                    1.0
                ]
            ]
        }
    ]
}